CIDEr: 0.695
METEOR: 0.07724343511130528
ROUGE: 0.16877546249623487
BLEU: 0.09357823093049045
