CIDEr: 0.765
METEOR: 0.08363560458711158
ROUGE: 0.17795849166467995
BLEU: 0.09119891630748445
