CIDEr: 0.352
METEOR: 0.07324833591980051
ROUGE: 0.12454831147895058
BLEU: 0.04022503116669673
