CIDEr: 0.328
METEOR: 0.07288986146269445
ROUGE: 0.12327839334165679
BLEU: 0.039833607626482484
