CIDEr: 0.336
METEOR: 0.07441413044597986
ROUGE: 0.12849404972610004
BLEU: 0.04076179130281985
