CIDEr: 0.384
METEOR: 0.07496545874013409
ROUGE: 0.13033546642431523
BLEU: 0.040732900810152926
