CIDEr: 0.786
METEOR: 0.08393165164410658
ROUGE: 0.17756357451024155
BLEU: 0.09241167925476551
